GMRTv4_2_1_20240604topo.asc
ncols 39
nrows 35
xllcorner 12.9891357421875
yllcorner 77.57046211378018
cellsize 5.4931640625E-4
nodata_value -2147483648
-113.82 -113.91 -113.97 -114.00 -114.01 -114.00 -113.97 -113.94 -113.90 -113.87 -113.85 -113.83 -113.81 -113.78 -113.76 -113.74 -113.72 -113.71 -113.71 -113.71 -113.72 -113.73 -113.74 -113.77 -113.81 -113.86 -113.93 -114.02 -114.14 -114.27 -114.41 -114.56 -114.71 -114.86 -115.00 -115.14 -115.27 -115.40 -115.54 
-114.99 -115.06 -115.10 -115.13 -115.13 -115.11 -115.08 -115.04 -115.00 -114.96 -114.92 -114.89 -114.85 -114.80 -114.76 -114.72 -114.68 -114.65 -114.64 -114.63 -114.63 -114.63 -114.64 -114.66 -114.69 -114.74 -114.80 -114.88 -114.99 -115.10 -115.23 -115.36 -115.50 -115.64 -115.77 -115.91 -116.04 -116.18 -116.33 
-116.15 -116.20 -116.24 -116.25 -116.24 -116.22 -116.19 -116.15 -116.10 -116.06 -116.01 -115.96 -115.90 -115.84 -115.77 -115.70 -115.65 -115.60 -115.57 -115.55 -115.54 -115.54 -115.55 -115.57 -115.60 -115.64 -115.69 -115.76 -115.85 -115.94 -116.05 -116.17 -116.29 -116.41 -116.54 -116.67 -116.81 -116.96 -117.11 
-117.30 -117.33 -117.35 -117.35 -117.34 -117.32 -117.29 -117.25 -117.20 -117.15 -117.10 -117.03 -116.96 -116.87 -116.78 -116.69 -116.62 -116.55 -116.51 -116.48 -116.47 -116.46 -116.47 -116.49 -116.51 -116.55 -116.60 -116.65 -116.72 -116.79 -116.88 -116.98 -117.08 -117.19 -117.30 -117.43 -117.57 -117.73 -117.89 
-118.41 -118.42 -118.42 -118.42 -118.41 -118.38 -118.35 -118.32 -118.27 -118.22 -118.16 -118.09 -117.99 -117.89 -117.78 -117.67 -117.58 -117.50 -117.44 -117.41 -117.39 -117.38 -117.39 -117.41 -117.43 -117.46 -117.50 -117.55 -117.59 -117.65 -117.72 -117.79 -117.87 -117.97 -118.07 -118.20 -118.34 -118.50 -118.67 
-119.44 -119.44 -119.43 -119.42 -119.41 -119.39 -119.36 -119.33 -119.29 -119.24 -119.18 -119.10 -118.99 -118.87 -118.75 -118.63 -118.51 -118.42 -118.36 -118.32 -118.30 -118.29 -118.30 -118.32 -118.34 -118.37 -118.40 -118.43 -118.47 -118.51 -118.56 -118.61 -118.68 -118.76 -118.86 -118.98 -119.12 -119.28 -119.45 
-120.40 -120.38 -120.36 -120.35 -120.34 -120.33 -120.31 -120.28 -120.25 -120.20 -120.14 -120.06 -119.94 -119.82 -119.68 -119.55 -119.42 -119.32 -119.25 -119.21 -119.19 -119.18 -119.19 -119.21 -119.23 -119.26 -119.29 -119.31 -119.34 -119.37 -119.40 -119.44 -119.50 -119.57 -119.66 -119.77 -119.92 -120.08 -120.25 
-121.22 -121.19 -121.18 -121.17 -121.17 -121.16 -121.16 -121.14 -121.12 -121.08 -121.03 -120.95 -120.83 -120.70 -120.56 -120.43 -120.30 -120.20 -120.12 -120.08 -120.06 -120.06 -120.07 -120.08 -120.11 -120.14 -120.16 -120.18 -120.21 -120.23 -120.26 -120.30 -120.35 -120.41 -120.50 -120.61 -120.74 -120.90 -121.07 
-121.92 -121.89 -121.88 -121.88 -121.89 -121.90 -121.91 -121.92 -121.91 -121.89 -121.84 -121.77 -121.66 -121.54 -121.40 -121.27 -121.15 -121.05 -120.98 -120.94 -120.92 -120.91 -120.92 -120.94 -120.97 -121.00 -121.02 -121.05 -121.07 -121.10 -121.13 -121.17 -121.23 -121.29 -121.37 -121.48 -121.61 -121.75 -121.91 
-122.49 -122.47 -122.47 -122.48 -122.51 -122.55 -122.58 -122.61 -122.63 -122.63 -122.60 -122.54 -122.45 -122.34 -122.22 -122.09 -121.98 -121.89 -121.82 -121.79 -121.77 -121.77 -121.78 -121.80 -121.83 -121.86 -121.89 -121.92 -121.96 -121.99 -122.04 -122.09 -122.15 -122.22 -122.30 -122.40 -122.52 -122.65 -122.79 
-122.98 -122.98 -122.98 -123.02 -123.06 -123.12 -123.19 -123.25 -123.29 -123.32 -123.31 -123.27 -123.20 -123.10 -123.00 -122.89 -122.79 -122.71 -122.65 -122.63 -122.62 -122.62 -122.63 -122.66 -122.69 -122.72 -122.76 -122.80 -122.84 -122.89 -122.95 -123.01 -123.08 -123.16 -123.24 -123.34 -123.45 -123.57 -123.69 
-123.42 -123.42 -123.45 -123.50 -123.57 -123.66 -123.75 -123.83 -123.91 -123.96 -123.98 -123.96 -123.91 -123.84 -123.75 -123.66 -123.58 -123.51 -123.47 -123.45 -123.45 -123.45 -123.47 -123.50 -123.53 -123.57 -123.61 -123.66 -123.72 -123.79 -123.86 -123.94 -124.02 -124.11 -124.19 -124.28 -124.38 -124.48 -124.58 
-123.85 -123.87 -123.91 -123.97 -124.07 -124.18 -124.29 -124.40 -124.50 -124.58 -124.62 -124.62 -124.59 -124.54 -124.47 -124.40 -124.33 -124.28 -124.25 -124.25 -124.25 -124.26 -124.28 -124.31 -124.35 -124.39 -124.44 -124.50 -124.57 -124.65 -124.74 -124.84 -124.93 -125.02 -125.11 -125.19 -125.27 -125.35 -125.44 
-124.30 -124.33 -124.38 -124.46 -124.56 -124.69 -124.83 -124.96 -125.08 -125.18 -125.24 -125.26 -125.25 -125.21 -125.16 -125.11 -125.06 -125.02 -125.01 -125.01 -125.02 -125.04 -125.07 -125.10 -125.14 -125.19 -125.25 -125.31 -125.40 -125.49 -125.59 -125.69 -125.80 -125.89 -125.98 -126.05 -126.12 -126.19 -126.25 
-124.82 -124.86 -124.91 -125.00 -125.11 -125.25 -125.40 -125.54 -125.67 -125.78 -125.85 -125.88 -125.88 -125.86 -125.83 -125.79 -125.75 -125.73 -125.72 -125.74 -125.76 -125.78 -125.81 -125.85 -125.90 -125.95 -126.01 -126.09 -126.17 -126.27 -126.38 -126.48 -126.59 -126.68 -126.76 -126.83 -126.88 -126.93 -126.98 
-125.41 -125.44 -125.50 -125.58 -125.70 -125.83 -125.98 -126.12 -126.26 -126.37 -126.44 -126.48 -126.49 -126.48 -126.46 -126.43 -126.41 -126.39 -126.40 -126.42 -126.45 -126.49 -126.53 -126.57 -126.63 -126.68 -126.75 -126.82 -126.91 -127.01 -127.11 -127.21 -127.31 -127.40 -127.47 -127.53 -127.57 -127.61 -127.64 
-126.05 -126.08 -126.13 -126.21 -126.31 -126.44 -126.57 -126.70 -126.82 -126.92 -127.00 -127.04 -127.06 -127.06 -127.05 -127.03 -127.02 -127.02 -127.04 -127.07 -127.11 -127.16 -127.22 -127.28 -127.34 -127.40 -127.47 -127.55 -127.63 -127.72 -127.81 -127.90 -127.99 -128.06 -128.12 -128.17 -128.20 -128.22 -128.23 
-126.73 -126.75 -126.79 -126.85 -126.94 -127.04 -127.16 -127.27 -127.37 -127.46 -127.53 -127.57 -127.59 -127.60 -127.60 -127.60 -127.60 -127.62 -127.65 -127.69 -127.75 -127.81 -127.88 -127.95 -128.03 -128.10 -128.17 -128.24 -128.32 -128.40 -128.48 -128.55 -128.62 -128.68 -128.72 -128.75 -128.77 -128.78 -128.78 
-127.42 -127.43 -127.46 -127.51 -127.57 -127.65 -127.74 -127.82 -127.90 -127.98 -128.03 -128.07 -128.10 -128.11 -128.12 -128.13 -128.15 -128.18 -128.22 -128.28 -128.35 -128.43 -128.52 -128.61 -128.70 -128.78 -128.85 -128.92 -128.98 -129.05 -129.10 -129.16 -129.21 -129.25 -129.28 -129.29 -129.29 -129.29 -129.28 
-128.11 -128.11 -128.13 -128.16 -128.20 -128.26 -128.31 -128.37 -128.43 -128.48 -128.53 -128.56 -128.59 -128.61 -128.63 -128.65 -128.68 -128.71 -128.77 -128.84 -128.92 -129.02 -129.12 -129.23 -129.33 -129.41 -129.49 -129.55 -129.60 -129.65 -129.69 -129.73 -129.75 -129.77 -129.78 -129.79 -129.78 -129.76 -129.73 
-128.79 -128.78 -128.79 -128.81 -128.83 -128.85 -128.88 -128.92 -128.95 -128.98 -129.01 -129.04 -129.07 -129.09 -129.11 -129.14 -129.18 -129.22 -129.28 -129.36 -129.46 -129.57 -129.69 -129.81 -129.91 -130.01 -130.08 -130.14 -130.18 -130.21 -130.23 -130.25 -130.25 -130.26 -130.25 -130.24 -130.22 -130.18 -130.15 
-129.45 -129.43 -129.42 -129.43 -129.43 -129.44 -129.45 -129.46 -129.47 -129.49 -129.51 -129.53 -129.55 -129.57 -129.59 -129.63 -129.66 -129.71 -129.78 -129.86 -129.97 -130.09 -130.21 -130.34 -130.45 -130.55 -130.62 -130.67 -130.70 -130.72 -130.73 -130.73 -130.72 -130.70 -130.68 -130.66 -130.62 -130.58 -130.53 
-130.07 -130.04 -130.03 -130.03 -130.02 -130.01 -130.00 -130.00 -130.00 -130.00 -130.01 -130.02 -130.04 -130.05 -130.07 -130.10 -130.14 -130.18 -130.24 -130.33 -130.43 -130.56 -130.69 -130.81 -130.93 -131.03 -131.10 -131.14 -131.16 -131.17 -131.16 -131.14 -131.12 -131.09 -131.06 -131.03 -130.98 -130.93 -130.87 
-130.65 -130.63 -130.61 -130.61 -130.59 -130.58 -130.57 -130.55 -130.54 -130.54 -130.54 -130.54 -130.54 -130.55 -130.55 -130.57 -130.59 -130.63 -130.68 -130.75 -130.86 -130.97 -131.10 -131.22 -131.33 -131.43 -131.49 -131.52 -131.54 -131.53 -131.52 -131.49 -131.46 -131.42 -131.38 -131.33 -131.28 -131.22 -131.15 
-131.21 -131.19 -131.18 -131.17 -131.16 -131.14 -131.13 -131.11 -131.10 -131.09 -131.08 -131.07 -131.06 -131.04 -131.03 -131.02 -131.03 -131.05 -131.08 -131.15 -131.24 -131.34 -131.46 -131.57 -131.67 -131.76 -131.81 -131.83 -131.84 -131.83 -131.81 -131.77 -131.73 -131.68 -131.64 -131.58 -131.52 -131.44 -131.36 
-131.76 -131.74 -131.73 -131.73 -131.72 -131.71 -131.70 -131.68 -131.67 -131.65 -131.63 -131.61 -131.58 -131.54 -131.50 -131.47 -131.45 -131.44 -131.45 -131.50 -131.57 -131.66 -131.76 -131.86 -131.95 -132.02 -132.07 -132.08 -132.08 -132.06 -132.03 -131.98 -131.94 -131.88 -131.83 -131.76 -131.69 -131.60 -131.52 
-132.28 -132.28 -132.27 -132.27 -132.26 -132.26 -132.25 -132.24 -132.22 -132.20 -132.17 -132.13 -132.08 -132.02 -131.95 -131.89 -131.84 -131.81 -131.80 -131.83 -131.88 -131.96 -132.04 -132.12 -132.20 -132.26 -132.29 -132.29 -132.28 -132.25 -132.21 -132.17 -132.12 -132.06 -132.00 -131.93 -131.84 -131.75 -131.65 
-132.79 -132.79 -132.79 -132.79 -132.79 -132.79 -132.78 -132.77 -132.76 -132.73 -132.70 -132.64 -132.57 -132.48 -132.39 -132.30 -132.22 -132.16 -132.13 -132.14 -132.17 -132.23 -132.30 -132.36 -132.42 -132.47 -132.48 -132.48 -132.46 -132.43 -132.39 -132.34 -132.28 -132.22 -132.15 -132.08 -131.98 -131.88 -131.78 
-133.29 -133.29 -133.29 -133.29 -133.29 -133.29 -133.29 -133.28 -133.26 -133.23 -133.18 -133.12 -133.02 -132.91 -132.80 -132.68 -132.58 -132.50 -132.45 -132.44 -132.46 -132.50 -132.55 -132.60 -132.65 -132.68 -132.69 -132.67 -132.65 -132.61 -132.57 -132.51 -132.45 -132.39 -132.32 -132.24 -132.15 -132.04 -131.93 
-133.77 -133.77 -133.77 -133.76 -133.76 -133.76 -133.75 -133.74 -133.71 -133.68 -133.62 -133.54 -133.44 -133.31 -133.18 -133.04 -132.92 -132.83 -132.76 -132.74 -132.74 -132.77 -132.80 -132.85 -132.88 -132.90 -132.90 -132.88 -132.85 -132.82 -132.77 -132.72 -132.66 -132.59 -132.53 -132.45 -132.35 -132.24 -132.13 
-134.24 -134.23 -134.22 -134.21 -134.20 -134.18 -134.17 -134.15 -134.11 -134.07 -134.01 -133.92 -133.80 -133.66 -133.52 -133.38 -133.25 -133.14 -133.07 -133.03 -133.03 -133.05 -133.08 -133.11 -133.14 -133.16 -133.15 -133.13 -133.10 -133.06 -133.02 -132.96 -132.91 -132.84 -132.78 -132.70 -132.61 -132.50 -132.40 
-134.69 -134.67 -134.65 -134.62 -134.60 -134.57 -134.54 -134.51 -134.46 -134.40 -134.33 -134.23 -134.11 -133.96 -133.81 -133.67 -133.53 -133.42 -133.34 -133.30 -133.29 -133.31 -133.33 -133.36 -133.39 -133.40 -133.40 -133.38 -133.35 -133.31 -133.27 -133.22 -133.17 -133.11 -133.05 -132.98 -132.90 -132.80 -132.71 
-135.13 -135.09 -135.05 -135.01 -134.97 -134.92 -134.87 -134.82 -134.76 -134.68 -134.60 -134.49 -134.36 -134.22 -134.07 -133.92 -133.78 -133.67 -133.59 -133.55 -133.54 -133.55 -133.57 -133.60 -133.62 -133.64 -133.64 -133.62 -133.59 -133.56 -133.52 -133.48 -133.44 -133.39 -133.34 -133.28 -133.21 -133.13 -133.05 
-135.55 -135.50 -135.44 -135.37 -135.31 -135.24 -135.17 -135.10 -135.02 -134.93 -134.84 -134.72 -134.59 -134.44 -134.29 -134.15 -134.02 -133.91 -133.83 -133.79 -133.77 -133.78 -133.80 -133.83 -133.86 -133.88 -133.87 -133.86 -133.84 -133.82 -133.79 -133.75 -133.72 -133.68 -133.64 -133.59 -133.54 -133.48 -133.41 
-135.95 -135.88 -135.80 -135.72 -135.63 -135.55 -135.46 -135.36 -135.26 -135.16 -135.06 -134.94 -134.80 -134.66 -134.51 -134.37 -134.25 -134.14 -134.07 -134.02 -134.01 -134.02 -134.04 -134.07 -134.10 -134.12 -134.12 -134.11 -134.10 -134.08 -134.06 -134.03 -134.01 -133.98 -133.95 -133.92 -133.88 -133.84 -133.79 
